0.1 462.644
0.2 225.558
0.3 144.762
0.4 105.204
0.5 81.7445
0.6 66.1835
0.7 54.9634
0.8 46.286
0.9 39.6632
1 34.7553
1.1 30.3447
1.2 26.6267
1.3 24.0772
1.4 21.2925
1.5 18.9206
1.6 16.9589
1.7 15.0905
1.8 13.9472
1.9 12.2505
2 11.461
2.1 9.84916
2.2 8.64568
2.3 8.03775
2.4 7.1112
2.5 6.51311
2.6 5.6672
2.7 5.18059
2.8 4.68919
2.9 3.91899
3 3.44385
3.1 2.9628
3.2 2.49168
3.3 2.10833
3.4 2.08021
3.5 2.011
3.6 1.92989
3.7 1.79301
3.8 1.82189
3.9 1.88379
4 1.91046
4.1 2.05773
4.2 2.04892
4.3 1.9344
4.4 1.89964
4.5 1.88733
4.6 1.92481
4.7 1.90899
4.8 1.90956
4.9 1.88461
5 1.86337
5.1 1.99307
5.2 1.85358
5.3 1.87828
5.4 2.02473
5.5 1.88806
5.6 2.02727
5.7 1.9193
5.8 1.97003
5.9 1.95143
6 1.86081
6.1 2.07162
6.2 2.07484
6.3 1.82799
6.4 1.90822
6.5 1.81634
6.6 2.00299
6.7 1.94956
6.8 1.90497
6.9 2.06611
7 1.92885
7.1 1.82349
7.2 1.96391
7.3 2.12699
7.4 2.05724
7.5 1.88604
7.6 1.83266
7.7 2.04119
7.79999 1.89553
7.89999 2.01617
7.99999 1.82014
8.09999 1.95181
8.2 1.84905
8.3 1.94689
8.4 1.83591
8.5 1.96586
8.6 1.87086
8.7 1.92441
8.8 2.0529
8.9 1.88253
9 1.84405
9.1 2.03386
9.2 1.90721
9.3 1.93314
9.4 1.95562
9.5 1.90664
9.6 1.8002
9.7 1.84312
9.8 1.93363
9.9 1.90585
10 1.95015
10.1 1.9375
10.2 1.80182
10.3 1.91503
10.4 1.86882
10.5 1.97671
10.6 1.82256
10.7 1.95469
10.8 1.98882
10.9 1.96273
11 2.03188
11.1 1.85174
11.2 2.01968
11.3 2.04879
11.4 1.89938
11.5 1.85759
11.6 1.89187
11.7 2.02373
11.8 1.95203
11.9 2.04669
12 1.98397
12.1 1.8365
12.2 1.82064
12.3 1.93346
12.4 1.8456
12.5 1.97545
12.6 1.8141
12.7 1.93681
12.8 1.97215
12.9 1.86563
13 1.85408
13.1 1.87333
13.2 1.96404
13.3 1.8838
13.4 1.91842
13.5 1.85814
13.6 1.93423
13.7 1.96463
13.8 1.94046
13.9 1.85434
14 1.88072
14.1 1.86789
14.2 1.71391
14.3 1.94523
14.4 1.74871
14.5 1.93394
14.6 1.88308
14.7 1.85366
14.8 1.89006
14.9 2.0428
15 1.92263
15.1 2.04269
15.2 1.99358
15.3 1.87853
15.4 1.974
15.5 1.93033
15.6 1.88731
15.7 1.80342
15.8 1.81318
15.9 1.80637
16 1.90247
16.1 2.00572
16.2 1.8424
16.3 1.9782
16.4 1.99453
16.5 1.9385
16.6 1.90255
16.7 1.97607
16.8 1.99279
16.9 1.99143
17 1.89839
17.1 2.06149
17.2 2.04487
17.3 1.78291
17.4 1.95329
17.5 1.83855
17.6 2.04464
17.7 1.96485
17.8 2.09168
17.9 2.04693
18 1.80154
18.1 1.925
18.2 1.9717
18.3 1.87141
18.4 1.97367
18.5 1.83241
18.6 1.88962
18.7 1.77837
18.8 1.92207
18.9 1.80631
19 2.02034
19.1 1.82274
19.2 1.91413
19.3 1.8966
19.4 1.97424
19.5 1.91032
19.6 1.91208
19.7 1.91869
19.8 1.84181
19.9 1.83653
20 2.06642
20.1 1.87986
20.2 1.97453
20.3 1.7516
20.4 2.00289
20.5 1.91048
20.6 1.93129
20.7 1.93866
20.8 1.94709
20.9 2.05134
21 1.98118
21.1 1.92047
21.2 1.82966
21.3 1.83278
21.4 1.82726
21.5 1.90904
21.6 1.90832
21.7 1.87246
21.8 2.04927
21.9 1.90787
22 1.97492
22.1 1.80727
22.2 2.03841
22.3 2.07995
22.4 1.99581
22.5 1.95519
22.6 1.78329
22.7001 2.05169
22.8001 1.84239
22.9001 2.01406
23.0001 1.8938
23.1001 1.935
23.2001 1.98604
23.3001 1.81494
23.4001 1.97479
23.5001 1.86045
23.6001 2.03525
23.7001 2.03132
23.8001 1.91287
23.9001 1.87333
24.0001 1.98941
24.1001 2.07288
24.2001 2.1119
24.3001 1.93074
24.4001 2.05663
24.5001 1.92636
24.6001 1.80175
24.7001 1.99072
24.8001 1.95097
24.9001 1.80268
25.0001 2.01684
25.1001 1.92288
25.2001 1.7838
25.3001 1.90647
25.4001 1.92463
25.5001 1.93744
25.6001 1.8751
25.7001 1.95009
25.8001 1.87145
25.9001 1.8548
26.0001 1.8967
26.1001 1.9037
26.2001 1.94426
26.3001 1.87503
26.4001 2.05754
26.5001 1.97635
26.6001 1.9648
26.7001 2.01321
26.8001 1.96777
26.9001 1.78428
27.0001 1.91256
27.1001 1.9174
27.2001 1.77569
27.3001 1.94132
27.4001 1.78095
27.5001 1.95766
27.6001 2.03773
27.7001 1.99108
27.8001 1.77838
27.9001 1.67335
28.0001 2.10045
28.1001 2.06035
28.2001 1.81788
28.3001 1.78607
28.4001 1.84691
28.5001 1.88455
28.6001 1.82575
28.7001 1.80658
28.8001 1.65178
28.9001 1.74361
29.0001 1.77805
29.1001 1.96003
29.2001 2.00571
29.3001 1.94379
29.4001 1.86664
29.5001 1.9476
29.6001 1.89746
29.7001 1.98629
29.8001 1.86626
29.9001 1.94202
