0.1 48.4939
0.2 22.2839
0.3 13.4326
0.4 9.34053
0.5 6.86832
0.6 5.12563
0.7 4.07759
0.8 3.15358
0.9 2.28741
1 1.92563
1.1 1.36305
1.2 0.97537
1.3 1.13928
1.4 1.01794
1.5 1.24234
1.6 0.948976
1.7 1.07346
1.8 1.20764
1.9 1.12908
2 1.02948
2.1 1.1529
2.2 1.01915
2.3 0.974863
2.4 1.05422
2.5 1.00353
2.6 0.9
2.7 1.275
2.8 1.04039
2.9 1.18487
3 1.15426
3.1 1.23635
3.2 1.16315
3.3 1.06168
3.4 1.24186
3.5 1.2473
3.6 0.956416
3.7 1.13572
3.8 1.12338
3.9 0.960937
4 1.0778
4.1 1.18014
4.2 0.933983
4.3 1.03862
4.4 0.998677
4.5 1.0445
4.6 1.10253
4.7 1.2129
4.8 0.900246
4.9 0.944351
5 1.11695
5.1 0.920667
5.2 1.117
5.3 1.02346
5.4 1.03873
5.5 1.1214
5.6 0.951957
5.7 0.940292
5.8 1.01217
5.9 1.14124
6 0.977252
6.1 1.1126
6.2 0.93999
6.3 0.95689
6.4 1.15857
6.5 1.17579
6.6 1.08013
6.7 1.08833
6.8 1.12095
6.9 1.02998
7 1.05947
7.1 1.10893
7.2 1.24409
7.3 1.25688
7.4 0.912985
7.5 0.951214
7.6 1.17605
7.7 1.01642
7.79999 0.917976
7.89999 0.963784
7.99999 1.19026
8.09999 1.14347
8.2 1.03952
8.3 0.906274
8.4 1.09674
8.5 0.988496
8.6 1.12413
8.7 0.968125
8.8 1.06548
8.9 0.988523
9 1.15325
9.1 1.0318
9.2 1.15408
9.3 1.0614
9.4 1.14884
9.5 1.01879
9.6 0.985013
9.7 0.957552
9.8 1.00019
9.9 1.21676
10 1.22622
10.1 1.26329
10.2 1.0216
10.3 1.1118
10.4 0.954518
10.5 1.13914
10.6 1.10714
10.7 1.06572
10.8 1.07873
10.9 1.11046
11 1.2185
11.1 1.21815
11.2 1.25097
11.3 1.13583
11.4 1.03185
11.5 1.1595
11.6 1.0318
11.7 1.18851
11.8 1.14556
11.9 0.927865
12 1.17437
12.1 0.946914
12.2 1.14382
12.3 1.05226
12.4 1.09117
12.5 0.988772
12.6 1.1195
12.7 1.1072
12.8 1.01394
12.9 1.08055
13 1.00561
13.1 1.08106
13.2 1.01123
13.3 1.03332
13.4 1.10634
13.5 1.20298
13.6 1.09091
13.7 0.974142
13.8 0.94836
13.9 1.23975
14 1.06659
14.1 1.02645
14.2 1.07805
14.3 0.987319
14.4 1.10114
14.5 0.9
14.6 1.0241
14.7 1.19643
14.8 1.18475
14.9 1.00436
15 1.1037
15.1 1.01508
15.2 0.994691
15.3 1.0566
15.4 1.01257
15.5 1.01141
15.6 1.1033
15.7 1.26707
15.8 1.06307
15.9 1.01125
16 1.04233
16.1 1.002
16.2 0.941603
16.3 1.03554
16.4 1.12718
16.5 1.26846
16.6 1.1735
16.7 1.25199
16.8 1.24815
16.9 1.00297
17 1.05784
17.1 0.913588
17.2 0.935674
17.3 1.19258
17.4 1.01553
17.5 0.938659
17.6 1.03773
17.7 1.04049
17.8 0.976838
17.9 0.971793
18 1.15376
18.1 0.925377
18.2 1.254
18.3 1.15604
18.4 1.23491
18.5 1.04576
18.6 1.20986
18.7 1.14135
18.8 1.19519
18.9 1.03051
19 1.14081
19.1 1.13742
19.2 1.07314
19.3 1.02635
19.4 0.991883
19.5 0.961661
19.6 0.98327
19.7 1.08348
19.8 1.20926
19.9 1.2309
20 1.04167
20.1 1.2614
20.2 0.950746
20.3 1.05315
20.4 1.03108
20.5 1.07245
20.6 1.23011
20.7 1.14717
20.8 0.9
20.9 0.956866
21 1.04823
21.1 1.13234
21.2 1.02653
21.3 1.02767
21.4 0.913975
21.5 1.07115
21.6 1.19829
21.7 0.992028
21.8 1.16104
21.9 1.15476
22 0.934869
22.1 1.17404
22.2 1.01838
22.3 1.00524
22.4 1.01288
22.5 1.0895
22.6 1.00959
22.7001 0.992038
22.8001 1.03194
22.9001 1.05382
23.0001 1.2044
23.1001 0.923534
23.2001 1.11357
23.3001 1.02283
23.4001 1.23959
23.5001 1.24326
23.6001 1.08628
23.7001 1.06011
23.8001 1.04247
23.9001 1.16208
24.0001 1.26513
24.1001 1.07301
24.2001 1.17541
24.3001 1.24948
24.4001 1.06955
24.5001 1.05043
24.6001 0.967354
24.7001 1.1155
24.8001 1.17385
24.9001 1.14323
25.0001 0.950665
25.1001 0.943154
25.2001 1.00211
25.3001 1.0742
25.4001 0.992172
25.5001 0.964097
25.6001 1.13064
25.7001 1.11398
25.8001 1.08217
25.9001 0.996754
26.0001 1.11268
26.1001 1.23122
26.2001 1.1166
26.3001 1.13889
26.4001 1.02022
26.5001 1.23723
26.6001 0.98961
26.7001 0.956392
26.8001 1.02352
26.9001 1.074
27.0001 1.06652
27.1001 1.13702
27.2001 1.02008
27.3001 1.23852
27.4001 0.977018
27.5001 1.18643
27.6001 1.00046
27.7001 1.11133
27.8001 1.16818
27.9001 0.920419
28.0001 1.19492
28.1001 1.26287
28.2001 1.06327
28.3001 1.02576
28.4001 1.01164
28.5001 1.03475
28.6001 1.02841
28.7001 1.18702
28.8001 0.986476
28.9001 1.02343
29.0001 1.00183
29.1001 1.04247
29.2001 1.12594
29.3001 1.2466
29.4001 1.21799
29.5001 1.03264
29.6001 1.004
29.7001 1.27265
29.8001 1.02173
29.9001 1.29557
